JF CHORD & MELODY



#1
X DIV IN 1024
I MOD X 4
J N MUL 12 ADD 2 DIV X 4
C ADD N.C B Z I J
$ 7

#2
T MOD ADD T 1 16
IF EZ ER 2 16 T: BREAK
R PN.NEXT 0; $ 3; $ 6

#3
B R; Z 0
Y WRAP R 0 11
IF EQ Y 7: Z 2
IF EQ Y 11: Z 6
IF EQ MOD Y 7 2: Z 1
IF EQ Y 4: Z 1

#4
L 3 6: JF.TR I 1
DEL 50: $ 5

#5
L 3 6: JF.TR I 0

#6
JF.PITCH 5 N.C R Z 2
DEL 10: JF.PITCH 3 N.C R Z 0
DEL 20: JF.PITCH 4 N.C R Z 1
DEL 40: JF.PITCH 6 N.C R Z 3
$ 4

#7
IF NE X A: $ 8
IF EQ D 1: JF.TR 1 0
IF EQ D 1: JF.TR 2 0
IF GT D 0: D SUB D 1
A X

#8
D 40
JF.PITCH 1 - C N 12
JF.PITCH 2 - C N 24
JF.TR 1 1
JF.TR 2 1

#M
EVERY 4: $ 2
K O; $ 1
I ER 3 16 K; J ER 17 32 K
IF I: CV 1 N RRND 0 3; TR.P 1
IF J: TR.P 2

#I
JF.MODE 1
JF.VTR 0 V 3
JF.VTR 1 V 2; JF.VTR 2 VV 150
M 50; M.ACT 1
PN.WRAP 0 1; PN.I 0 -1
TR.TIME 1 100; TR.TIME 2 100

#P
17	5	1	0
1	1	1	1
0	0	0	0
63	63	63	63

12	0	0	0
4	0	0	0
5	0	0	0
2	0	0	0
10	0	0	0
4	0	0	0
5	0	0	0
2	0	0	0
3	0	0	0
2	0	0	0
4	0	0	0
0	0	0	0
4	0	0	0
10	0	0	0
5	0	0	0
4	0	0	0
2	0	0	0
0	0	0	0
0	0	0	0
0	0	0	0
0	0	0	0
0	0	0	0
0	0	0	0
0	0	0	0
0	0	0	0
0	0	0	0
0	0	0	0
0	0	0	0
0	0	0	0
0	0	0	0
0	0	0	0
0	0	0	0
0	0	0	0
0	0	0	0
0	0	0	0
0	0	0	0
0	0	0	0
0	0	0	0
0	0	0	0
0	0	0	0
0	0	0	0
0	0	0	0
0	0	0	0
0	0	0	0
0	0	0	0
0	0	0	0
0	0	0	0
0	0	0	0
0	0	0	0
0	0	0	0
0	0	0	0
0	0	0	0
0	0	0	0
0	0	0	0
0	0	0	0
0	0	0	0
0	0	0	0
0	0	0	0
0	0	0	0
0	0	0	0
0	0	0	0
0	0	0	0
0	0	0	0
0	0	0	0

#G
0000000000000000
0000000000000000
0000000000000000
0000000000000000
0000000000000000
0000000000000000
0000000000000000
0000000000000000
0000000000000000
0000000000000000
0000000000000000
0000000000000000
0000000000000000
0000000000000000
0000000000000000
0000000000000000

0	0	0	0	0	0	0	0	0	0	0	0	0	0	0	0
0	0	0	0	0	0	0	0	0	0	0	0	0	0	0	0
0	0	0	0	0	0	0	0	0	0	0	0	0	0	0	0
0	0	0	0	0	0	0	0	0	0	0	0	0	0	0	0
